lat_north = 43.1844669
lat_south = 43.1568343
lon_east  = -71.0454906
lon_west  = -71.0827057
datum_lat = 43.1689413
datum_lon = -71.0612336 
