lat_north = 43.1420667
lat_south = 43.1308139
lon_east  = -70.9286027
lon_west  = -70.9518917
datum_lat = 43.1358694
datum_lon = -70.9391542
