lat_north = 43.1424417
lat_south = 43.1305028
lon_east  = -70.9273667
lon_west  = -70.9517944
datum_lat = 43.1358694
datum_lon = -70.9391542
