lat_north = 43.243300
lat_south = 43.240660
lon_east  = -71.152195
lon_west  = -71.158572
datum_lat = 43.240743
datum_lon = -71.155426 
