lat_north = 43.2447468
lat_south = 43.2388651
lon_west = -71.1613242
lon_east = -71.1499053
datum_lat = 43.240743
datum_lon = -71.155426
