lat_north = 43.2492526
lat_south = 43.2357088
lon_west = -71.1762420
lon_east = -71.1499470
datum_lat = 43.2424807
datum_lon = -71.1630945
