lat_north = 41.541975
lat_south = 41.51943333
lon_east  = -71.30891806
lon_west  = -71.32742917
datum_lat = 41.530783
datum_lon = -71.316320