lat_north = 43.20271702
lat_south = 43.18198323
//lon_east  = -71.02297218
lon_east = -71.02321718
//lon_west = -71.06267664
lon_west = -71.06292164
datum_lat = 43.2001957
datum_lon = -71.0466533 
