lat_north = 37.9323972
lat_south = 37.5675404
lon_west = -75.6098691
lon_east = -75.3071322
datum_lat = 37.7499688
datum_lon = -75.4585006
