lat_north = 37.9545535
lat_south = 37.8256468
lon_west = -75.4626771
lon_east = -75.3314460
datum_lat = 37.8901001
datum_lon = -75.3970616
