lat_north = 36.9215754
lat_south = 36.9052158
lon_west = -76.1468485
lon_east = -76.1333661
datum_lat = 36.920164
datum_lon = -76.144672
