lat_north = 36.8607301
lat_south = 36.8444688
lon_west = -76.3086005
lon_east = -76.2920890
datum_lat = 36.8525995
datum_lon = -76.3003448
