lat_north = 43.07511878
lat_south = 43.05780589
lon_east  = -70.68395689
lon_west  = -70.72434189
datum_lat = 43.071959194444446
datum_lon = -70.711610833333339 
//datum_lat = 43.824000
//datum_lon = -70.330000