lat_north = 55.2088468
lat_south = 55.1155665
lon_west = -159.4436461
lon_east = -159.1227691
datum_lat = 55.1622067
datum_lon = -159.2832076
