lat_north = 55.2061852
lat_south = 55.1066989
lon_west = -159.3599676
lon_east = -159.2553282
datum_lat = 55.1066989
datum_lon = -159.3599676
//x_offset = 477063.099
//y_offset = 6106709.231
