lat_north = 48.9033275
lat_south = 48.7188051
lon_west = -122.8272363
lon_east = -122.6880899
datum_lat = 48.7188051
datum_lon = -122.8272363