lat_north = 55.0418304
lat_south = 54.9103441
lon_west = -159.5186646
lon_east = -159.2805065
datum_lat = 54.9103441
datum_lon = -159.5186646
//x_offset = 466802.000
//y_offset = 6084894.000
