lat_north = 55.9857577
lat_south = 55.8403068
lon_west = -155.6171624
lon_east = -155.4609189
datum_lat = 55.8403068
datum_lon = -155.6171624
//x_offset = 336422.000
//y_offset = 6191214.000
