lat_north = 41.2045683
lat_south = 41.1485116
lon_west = -72.7818799
lon_east = -72.6438112
datum_lat = 41.1485116
datum_lon = -72.7818799
//x_offset = 686051.000
//y_offset = 4557765.000
