lat_north = 55.8499936
lat_south = 55.7308975
lon_west = -155.6891445
lon_east = -155.4499773
datum_lat = 55.7308975
datum_lon = -155.6891445
//x_offset = 331390.000
//y_offset = 6179118.000
