lat_north = 56.9294949
lat_south = 56.7312175
lon_west = -153.8841530
lon_east = -153.3391583
datum_lat = 56.9294949
datum_lon = -153.8841530
//x_offset = 446188.914
//y_offset = 6309885.608
