lat_north = 42.97373611
lat_south = 42.918975
lon_east = -70.74305
lon_west = -70.7968875
datum_lat = 42.97373611
datum_lon = -70.7968875 