lat_north = 38.3396220
lat_south = 38.3031503
lon_west = -76.4830750
lon_east = -76.4123151
datum_lat = 38.3213862
datum_lon = -76.4476950
