lat_north = 38.3306657
lat_south = 38.3112141
lon_west = -76.4668158
lon_east = -76.4290774
datum_lat = 38.3209399
datum_lon = -76.4479466
